# # lattice constant, energy per atom
3.899999999999999911e+00 -2.904274911223486910e+00
3.944444444444444198e+00 -2.954411086721393076e+00
3.988888888888888928e+00 -2.987405642592145139e+00
4.033333333333333215e+00 -3.005294749393275566e+00
4.077777777777777501e+00 -3.009912474503638968e+00
4.122222222222221788e+00 -3.002909841797852586e+00
4.166666666666666075e+00 -2.985772095318277586e+00
4.211111111111111249e+00 -2.959834341331271990e+00
4.255555555555555536e+00 -2.926295725287297422e+00
4.299999999999999822e+00 -2.886232284303805518e+00
