# # lattice constant, energy per atom
3.399999999999999911e+00 -1.223445485724509452e-01
3.444444444444444198e+00 -1.895085475187961166e-01
3.488888888888888928e+00 -2.479480673984069683e-01
3.533333333333333215e+00 -2.985121749280471581e-01
3.577777777777777501e+00 -3.419747934216218477e-01
3.622222222222222232e+00 -3.790410897732089390e-01
3.666666666666666519e+00 -4.103533287450227829e-01
3.711111111111110805e+00 -4.364962385788951904e-01
3.755555555555555536e+00 -4.580019283292725563e-01
3.799999999999999822e+00 -4.753543939922171280e-01
