# # lattice constant, energy per atom
4.599999999999999645e+00 -1.811826838708184617e+00
4.677777777777777146e+00 -1.914094052202277130e+00
4.755555555555555536e+00 -1.982177396918778145e+00
4.833333333333333037e+00 -2.021796827707427635e+00
4.911111111111110539e+00 -2.037848664548683075e+00
4.988888888888888928e+00 -2.034518858065917257e+00
5.066666666666666430e+00 -2.015380728958253265e+00
5.144444444444443931e+00 -1.983479359369565653e+00
5.222222222222222321e+00 -1.941404494981742612e+00
5.299999999999999822e+00 -1.891353547107549993e+00
