# # lattice constant, energy per atom
3.399999999999999911e+00 -3.356154796427297082e+00
3.444444444444444198e+00 -3.433152853558744777e+00
3.488888888888888928e+00 -3.487707502645044588e+00
3.533333333333333215e+00 -3.522475908733765149e+00
3.577777777777777501e+00 -3.539846476386760532e+00
3.622222222222222232e+00 -3.541965192885220937e+00
3.666666666666666519e+00 -3.530759328342473857e+00
3.711111111111110805e+00 -3.507958773690070142e+00
3.755555555555555536e+00 -3.475115265149086863e+00
3.799999999999999822e+00 -3.433619715518923865e+00
