# # lattice constant, energy per atom
3.299999999999999822e+00 -3.960701187528174572e+00
3.344444444444444109e+00 -4.073765704425683865e+00
3.388888888888888840e+00 -4.155602775441124663e+00
3.433333333333333126e+00 -4.210017377947043116e+00
3.477777777777777857e+00 -4.240416076906124765e+00
3.522222222222222143e+00 -4.249847446825385511e+00
3.566666666666666874e+00 -4.241038304984641627e+00
3.611111111111111160e+00 -4.216426214381255200e+00
3.655555555555555891e+00 -4.178188660643117558e+00
3.700000000000000178e+00 -4.128269259962758397e+00
